0.679302787143737
0.02926815308816731
0.015460650478955357
0.010410152468830347
0.007689317871350795
0.005911172162508592
0.004680629517184571
0.003840075641637668
0.003266438095131889
0.0028807068263413385
0.0025927928956225514
0.0023584974957630038
0.002164370609098114
0.0020072656516567805
0.0018750184063101188
0.0017474566504824907
0.0016473341616801917
0.0015519658141420222
0.0014705463741556742
0.0013952491265372374
0.0013327806876040995
0.0012727843618486076
0.001214114722213708
0.001174524537549587
0.0011191126256308052
0.0010840388404321857
0.001031745602027513
0.0009961668961623218
0.0009578256167878862
0.0009217571613262407
0.0008877062754472718
0.0008563616363098845
0.0008256888965261169
0.0007984754055505619
0.000764217603718862
0.0007398626113135833
0.0007133018932945561
0.00068857226203545
0.0006648269321594853
0.0006460342115606182
0.0006206374172033975
0.0006007643780903891
0.0005821582590724574
0.0005613472163531697
0.0005469258856028318
0.0005271759929019027
0.0005146784766839118
0.0005008282758644782
0.00048739378951722756
0.0004724431275535608
0.00046408711301046423
0.00045317637483822184
0.00043931725065340287
0.00043913496589811983
0.0004236821371887345
0.00041111698641907424
0.0004033500781952171
0.00039725834793352986
0.00038622856786241753
0.00038504698729957456
0.0003736003081430681
0.0003703008381926338
0.0003609220388170797
0.00035523314720921914
0.0003508415585674811
0.0003440930365904933
0.0003361205024921219
0.0003349584537136252
0.0003266722673433833
0.00032436127116670834
0.0003159246289287694
0.0003140042525483295
0.0003110124338782043
0.0003045941630989546
0.0002987140922996332
0.0002938229429637431
0.00028627728159335674
0.0002862190718078637
0.00028010111907497047
0.0002759653460452682
0.00027313131939445156
0.00026901966105651807
0.00026480869352963054
0.00026193204049923226
0.00026022238619771086
0.00025282009455258956
0.00025078952901822047
0.00024763345663814107
0.0002446830728222267
0.0002415136540439562
0.00023841836613428314
0.0002367953132124967
0.00023412994151294697
0.0002298962467466481
0.00022696751015610062
0.00022571427647199017
0.00022301263869303512
0.000220462459292321
0.00021764144963526633
0.0002154453937037033