28.40846305656433
11.062514984130859
4.923355108499527
3.134861805796623
1.129104097545147
0.49383532205224034
0.28202055382728575
0.21791382387280464
0.18735036265850066
0.16733039464056493
0.1530972165465355
0.14185714127123356
0.13117449286580085
0.12388879275321961
0.11771737287938595
0.10816285865753889
0.10331274700909852
0.09773897017538548
0.09236818122118712
0.08746557176113129
0.08338515637814999
0.07945292630046606
0.07472809052467347
0.07161463018506765
0.06761533232033252
0.06698135046396189
0.06470239818274617
0.06217572605330311
0.05951071000414456
0.056680294040017974
0.05558485125085551
0.05342811282106978
0.05134606900849861
0.04953698168495696
0.0477569717095938
0.04610741152214314
0.0452952217719631
0.04679159974742554
0.042788801993617044
0.04114766608172667
0.039978307353968394
0.03869398235679863
0.03783405106328799
0.03635845724827872
0.035465117923156944
0.03416831975062926
0.03285425828171228
0.03309433183775928
0.031242316447480947
0.03019470725201085
0.03168411890789866
0.030189259013161062
0.029513934686779975
0.029461779786273838
0.028484758673235775
0.027559114711359144
0.028513827070593835
0.0277806059923023
0.02665222985483706
0.02549226928502321
0.025595302211120725
0.024642518317326903
0.024427615305408837
0.02397203921712935
0.023541621239855884
0.02304400859028101
0.022666052317246794
0.02269371412321925
0.021879605542868375
0.02220581065490842
0.021793771602213383
0.020996668530628086
0.020873745674267412
0.020744715198874473
0.02005491814762354
0.020603326811062958
0.018960779361768872
0.018853868560460275
0.017994205779702722
0.018047359515494573
0.018010112219034674
0.017559577716503315
0.017245914217292845
0.016852344113946736
0.016885923214271636
0.016662498437864576
0.01631756156809375
0.015915968584569687
0.016032978334648167
0.015707636017820794
0.01590047974674823
0.01525523693034957
0.015646191944039153
0.015334269336746363
0.015359758681054422
0.014998310160062865
0.014905851350134301
0.014846304702031576
0.014540743559576616
0.014155757032565311
0.008798250416759402
0.007070436733309179
0.006446886524092406
0.005231180568691343
0.0046648160985205325
0.004879488162463531
0.004008997243130579
0.0490283161944244
0.010199839796870946
0.004733632173389196
0.0038735206781420855
0.0034726079527754336
0.0032137576423119756
0.0030537983500398694
0.002859369323821738
0.0026748161760624498
0.0024832125194370748
0.0023173565053148195
0.0021510086908238008
0.0020206385153578596
0.001926422619377263
0.0018344748334493488
0.0017255731493933126
0.0016657846318557858
0.0016105844745179637
