0.011395685976971435
5.757859757613914e-05
1.6614030148730308e-05
4.966230746049405e-06
2.9872141476516844e-06
2.050806879594802e-06
1.6723596932592955e-06
1.33422282402762e-06
1.187379307594938e-06
1.0425832704470395e-06
1.5195733548125646e-06
7.813258768862852e-07
7.448238018810116e-07
7.153062107079222e-07
6.60040543721152e-07
6.149155004351315e-07
5.783047927963025e-07
5.575230262451214e-07
5.29804258974309e-07
5.047089907179725e-07
4.862755587140555e-07
4.6269961379152847e-07
4.4995390314284125e-07
4.3166130485872143e-07
4.1849378285974124e-07
4.073789677931927e-07
3.9785547299686643e-07
3.8794254218288413e-07
3.7866871176817087e-07
3.6990077666132495e-07
3.579402156219658e-07
3.528590322119385e-07
3.457354768485743e-07
3.382536482519072e-07
3.3326366771291303e-07
3.274063095943802e-07
3.2216811553098523e-07
3.1697372146766156e-07
3.1213186549905457e-07
3.087519018833973e-07
7.108480344726332e-07
2.2363960999882694e-07
2.9793105640862906e-07
2.943380745321633e-07
2.922528337592212e-07
2.912260041512127e-07
2.9670980751461683e-07
2.846000400253956e-07
2.868275886100946e-07
2.8104265800266147e-07
2.772432762441213e-07
2.8391480382339296e-07
2.718266062728958e-07
2.7785145400827106e-07
2.68102103021306e-07
2.6363016188923895e-07
2.721721261522703e-07
2.608554750622716e-07
2.68666336260992e-07
2.475000032191588e-07
2.595087649588379e-07
2.4731688107237916e-07
2.7892408238017194e-07
2.4288042749631697e-07
2.3933492226646537e-07
2.3795625672207165e-07
2.424072728182125e-07
2.419989783213339e-07
2.3806973509010732e-07
2.3651926725420935e-07
2.3585121849833967e-07
2.3465584216708634e-07
2.3290271809273122e-07
2.2684987947130253e-07
2.294728907727972e-07
2.1277512521322705e-07
2.379989497072188e-07
2.30199286313848e-07
2.2273741314293716e-07
2.254156093890458e-07
2.0240101910928843e-07
2.156542153741725e-07
2.0972358321458272e-07
2.1183893976228774e-07
2.1254465223208286e-07
1.9968783940882416e-07
2.02282128878295e-07
2.1998745296514245e-07
2.1486483229793408e-07
2.0704482452416073e-07
5.134206499910477e-07
1.5499509668259749e-07
1.8895810431729388e-07
2.0937039846913308e-07
2.039530381985344e-07
2.1083809749455896e-07
1.8495928603101675e-07
2.035631934447224e-07
2.1432202403559586e-07
1.957951238189537e-07
