0.008382409840647597
0.00012234595761583477
3.0666028803352675e-05
1.4765017690024252e-05
9.01099272641659e-06
6.227027185559564e-06
4.655797205145973e-06
3.7663509928052007e-06
3.158881474973896e-06
2.6845466280747134e-06
2.2495502732340356e-06
1.9130490801444465e-06
1.733510534791094e-06
1.5433592459430657e-06
1.3807505444560774e-06
1.2957675744473817e-06
1.2132675353768718e-06
1.1381769596994217e-06
1.0755563029363202e-06
1.0188866359328586e-06
9.713715801922262e-07
9.383432044387518e-07
8.957425007452003e-07
8.676342935416414e-07
8.470076203366261e-07
8.346746778329362e-07
7.905643476533442e-07
7.815124527041917e-07
7.62507105079635e-07
7.414356926176424e-07
7.256630608054592e-07
7.173568385780982e-07
6.921830810711072e-07
6.985865013291459e-07
6.690956009265392e-07
6.615750880882842e-07
6.366868321237007e-07
6.225633358525329e-07
5.935329939603662e-07
6.417190105594272e-07
6.199333861616197e-07
6.070992864408708e-07
5.901968023209747e-07
5.730932147400836e-07
5.464583608869589e-07
5.495185345694153e-07
5.403531615542079e-07
5.366050294952629e-07
5.279783994751597e-07
5.187542526812194e-07
5.293002479476172e-07
5.101387509114375e-07
5.103245697739566e-07
4.898520327429878e-07
4.943601335583026e-07
4.89036722925107e-07
4.778091768997683e-07
4.797912445440034e-07
4.7081799300485726e-07
4.6149933278627486e-07
4.527620861978221e-07
4.6954239178376154e-07
4.402176364664001e-07
4.431472694932381e-07
4.31786380843846e-07
3.835308805690829e-07
3.983871978903153e-07
3.973318531862446e-07
3.81989009724748e-07
3.8873347696721795e-07
3.809713869600273e-07
5.004036868996309e-07
4.4343251913403494e-07
4.374772293118667e-07
4.315715146532284e-07
4.286061505567318e-07
4.256062612384426e-07
4.2318968517918166e-07
3.871990293120575e-07
4.274068520047081e-07
4.0615175284841596e-07
3.663860087925741e-07
3.337378826273607e-07
3.76047990329198e-07
3.3498282200383755e-07
3.4205949268084624e-07
3.4105347277346707e-07
4.405244882121906e-07
3.942446936662236e-07
3.7029986388148475e-07
3.667553550599223e-07
3.9263082557994267e-07
3.6790930166574754e-07
3.560954615764444e-07
3.856529833683453e-07
3.5366114115475966e-07
3.6415370551878823e-07
3.306195591861183e-07
3.00744549178944e-07
3.1241682453497786e-07
